1.00000  0.00189  0.54625
   0.99215  0.00354  0.34370
   0.97925  0.00620  0.25409
   0.96496  0.00911  0.18407
   0.94931  0.01224  0.12652
   0.93238  0.01555  0.07498
   0.91435  0.01901  0.02782
   0.89542  0.02257 -0.01669
   0.87581  0.02617 -0.05848
   0.85570  0.02978 -0.09868
   0.83523  0.03337 -0.13730
   0.81452  0.03691 -0.17479
   0.79364  0.04040 -0.21135
   0.77266  0.04382 -0.24744
   0.75160  0.04715 -0.28298
   0.73051  0.05041 -0.31877
   0.70941  0.05358 -0.35434
   0.68830  0.05665 -0.39025
   0.66721  0.05963 -0.42662
   0.64615  0.06251 -0.46338
   0.62513  0.06528 -0.50089
   0.60416  0.06794 -0.53941
   0.58324  0.07048 -0.57868
   0.56239  0.07290 -0.61894
   0.54163  0.07520 -0.66067
   0.52095  0.07736 -0.70350
   0.50038  0.07937 -0.74760
   0.47991  0.08124 -0.79338
   0.45958  0.08296 -0.84095
   0.43938  0.08451 -0.88982
   0.41934  0.08588 -0.94075
   0.39947  0.08707 -0.99367
   0.37979  0.08808 -1.04867
   0.36032  0.08888 -1.10549
   0.34108  0.08948 -1.16500
   0.32211  0.08986 -1.22672
   0.30344  0.09002 -1.29081
   0.28511  0.08995 -1.35743
   0.26716  0.08965 -1.42691
   0.24964  0.08911 -1.49880
   0.23262  0.08833 -1.57340
   0.21616  0.08732 -1.65079
   0.20031  0.08609 -1.73022
   0.18515  0.08465 -1.81247
   0.17073  0.08302 -1.89656
   0.15711  0.08122 -1.98306
   0.14431  0.07928 -2.07056
   0.13234  0.07722 -2.15993
   0.12120  0.07507 -2.25020
   0.11088  0.07285 -2.34160
   0.10133  0.07058 -2.43340
   0.09251  0.06827 -2.52703
   0.08438  0.06595 -2.62002
   0.07687  0.06361 -2.71398
   0.06995  0.06127 -2.80878
   0.06354  0.05894 -2.90316
   0.05762  0.05661 -2.99900
   0.05214  0.05428 -3.09449
   0.04706  0.05196 -3.18941
   0.04235  0.04964 -3.28470
   0.03797  0.04732 -3.37735
   0.03390  0.04500 -3.47009
   0.03012  0.04268 -3.55881
   0.02661  0.04035 -3.64505
   0.02334  0.03801 -3.72390
   0.02032  0.03566 -3.79409
   0.01753  0.03329 -3.85627
   0.01495  0.03091 -3.90105
   0.01259  0.02850 -3.92994
   0.01043  0.02608 -3.93360
   0.00848  0.02363 -3.91261
   0.00674  0.02116 -3.85089
   0.00520  0.01867 -3.75616
   0.00386  0.01616 -3.61760
   0.00273  0.01365 -3.42901
   0.00180  0.01113 -3.20149
   0.00107  0.00861 -2.93325
   0.00053  0.00611 -2.63152
   0.00019  0.00364 -2.31146
   0.00002  0.00120 -1.98206
   0.00002 -0.00120 -1.66047
   0.00019 -0.00364 -1.34088
   0.00053 -0.00611 -1.01868
   0.00107 -0.00861 -0.70702
   0.00180 -0.01113 -0.41060
   0.00273 -0.01365 -0.13587
   0.00386 -0.01616  0.10793
   0.00520 -0.01867  0.32037
   0.00674 -0.02116  0.49873
   0.00848 -0.02363  0.64406
   0.01043 -0.02608  0.75973
   0.01259 -0.02850  0.84819
   0.01495 -0.03091  0.91257
   0.01753 -0.03329  0.95702
   0.02032 -0.03566  0.98441
   0.02334 -0.03801  0.99769
   0.02661 -0.04035  0.99944
   0.03012 -0.04268  0.99170
   0.03390 -0.04500  0.97637
   0.03797 -0.04732  0.95471
   0.04235 -0.04964  0.92830
   0.04706 -0.05196  0.89766
   0.05214 -0.05428  0.86411
   0.05762 -0.05661  0.82785
   0.06354 -0.05894  0.78966
   0.06994 -0.06127  0.75034
   0.07687 -0.06361  0.70940
   0.08438 -0.06595  0.66821
   0.09251 -0.06827  0.62680
   0.10133 -0.07058  0.58478
   0.11088 -0.07285  0.54363
   0.12120 -0.07507  0.50294
   0.13234 -0.07722  0.46325
   0.14431 -0.07928  0.42492
   0.15711 -0.08122  0.38808
   0.17073 -0.08302  0.35330
   0.18515 -0.08465  0.32070
   0.20031 -0.08609  0.29050
   0.21615 -0.08732  0.26277
   0.23262 -0.08833  0.23747
   0.24964 -0.08911  0.21482
   0.26716 -0.08965  0.19442
   0.28511 -0.08995  0.17645
   0.30344 -0.09002  0.16065
   0.32211 -0.08986  0.14697
   0.34108 -0.08948  0.13495
   0.36032 -0.08888  0.12474
   0.37979 -0.08808  0.11622
   0.39947 -0.08707  0.10882
   0.41934 -0.08588  0.10275
   0.43938 -0.08451  0.09812
   0.45958 -0.08296  0.09404
   0.47991 -0.08124  0.09123
   0.50038 -0.07937  0.08922
   0.52095 -0.07736  0.08785
   0.54163 -0.07520  0.08722
   0.56239 -0.07290  0.08721
   0.58324 -0.07048  0.08783
   0.60416 -0.06794  0.08898
   0.62513 -0.06528  0.09063
   0.64615 -0.06251  0.09284
   0.66721 -0.05963  0.09561
   0.68830 -0.05665  0.09894
   0.70941 -0.05358  0.10277
   0.73051 -0.05041  0.10712
   0.75160 -0.04715  0.11261
   0.77266 -0.04382  0.11824
   0.79364 -0.04040  0.12526
   0.81452 -0.03691  0.13327
   0.83523 -0.03337  0.14225
   0.85570 -0.02978  0.15301
   0.87581 -0.02617  0.16544
   0.89542 -0.02257  0.18009
   0.91435 -0.01901  0.19745
   0.93238 -0.01555  0.21811
   0.94931 -0.01224  0.24319
   0.96496 -0.00911  0.27494
   0.97925 -0.00620  0.31793
   0.99214 -0.00354  0.38126
   1.00000 -0.00189  0.54625
