#    s        x        y     Ue/Vinf    Dstar     Theta      Cf       H
   0.00000  1.00000  0.00189  0.94524  0.041855  0.009480 -0.000007     4.415
   0.00803  0.99215  0.00354  0.94623  0.040482  0.009417 -0.000006     4.299
   0.02119  0.97925  0.00620  0.94771  0.038080  0.009326 -0.000004     4.083
   0.03577  0.96496  0.00911  0.94915  0.035450  0.009243 -0.000000     3.836
   0.05174  0.94931  0.01224  0.95030  0.032652  0.009179  0.000007     3.557
   0.06899  0.93238  0.01555  0.95085  0.029768  0.009150  0.000019     3.253
   0.08735  0.91435  0.01901  0.95359  0.026845  0.009016  0.000102     2.978
   0.10660  0.89542  0.02257  0.96013  0.023982  0.008720  0.000194     2.750
   0.12654  0.87581  0.02617  0.96931  0.021300  0.008339  0.000305     2.554
   0.14698  0.85570  0.02978  0.98103  0.018859  0.007899  0.000437     2.387
   0.16776  0.83523  0.03337  0.99496  0.016694  0.007427  0.000589     2.248
   0.18877  0.81452  0.03691  1.01069  0.014809  0.006948  0.000761     2.131
   0.20994  0.79364  0.04040  1.02776  0.013192  0.006480  0.000947     2.036
   0.23120  0.77266  0.04382  1.04573  0.011812  0.006037  0.001143     1.957
   0.25251  0.75160  0.04715  1.06423  0.010641  0.005624  0.001346     1.892
   0.27385  0.73051  0.05041  1.08298  0.009642  0.005244  0.001552     1.839
   0.29520  0.70941  0.05358  1.10177  0.008787  0.004896  0.001760     1.795
   0.31652  0.68830  0.05665  1.12051  0.008049  0.004578  0.001967     1.758
   0.33782  0.66721  0.05963  1.13914  0.007406  0.004288  0.002174     1.727
   0.35908  0.64615  0.06251  1.15767  0.006841  0.004021  0.002380     1.701
   0.38028  0.62513  0.06528  1.17608  0.006338  0.003774  0.002585     1.679
   0.40143  0.60416  0.06794  1.19450  0.005887  0.003546  0.002793     1.660
   0.42250  0.58324  0.07048  1.21289  0.005478  0.003333  0.003001     1.644
   0.44348  0.56239  0.07290  1.23133  0.005106  0.003133  0.003212     1.630
   0.46438  0.54163  0.07520  1.24993  0.004763  0.002946  0.003428     1.617
   0.48516  0.52095  0.07736  1.26866  0.004446  0.002769  0.003649     1.606
   0.50584  0.50038  0.07937  1.28758  0.004152  0.002602  0.003875     1.596
   0.52638  0.47991  0.08124  1.30679  0.003878  0.002444  0.004110     1.587
   0.54679  0.45958  0.08296  1.32632  0.003620  0.002293  0.004353     1.579
   0.56705  0.43938  0.08451  1.34613  0.003378  0.002150  0.004606     1.571
   0.58714  0.41934  0.08588  1.36637  0.003150  0.002013  0.004871     1.565
   0.60705  0.39947  0.08707  1.38698  0.002935  0.001883  0.005148     1.559
   0.62675  0.37979  0.08808  1.40807  0.002732  0.001759  0.005441     1.553
   0.64624  0.36032  0.08888  1.42961  0.002539  0.001640  0.005750     1.548
   0.66548  0.34108  0.08948  1.45166  0.002357  0.001527  0.006077     1.543
   0.68446  0.32211  0.08986  1.47426  0.002183  0.001419  0.006426     1.539
   0.70313  0.30344  0.09002  1.49730  0.002020  0.001316  0.006796     1.535
   0.72146  0.28511  0.08995  1.52096  0.001864  0.001217  0.007194     1.531
   0.73941  0.26716  0.08965  1.54518  0.001716  0.001124  0.007623     1.527
   0.75694  0.24964  0.08911  1.56991  0.001577  0.001035  0.008086     1.523
   0.77398  0.23262  0.08833  1.59513  0.001445  0.000951  0.008589     1.519
   0.79047  0.21616  0.08732  1.62080  0.001320  0.000872  0.009137     1.515
   0.80637  0.20031  0.08609  1.64694  0.001203  0.000797  0.009740     1.510
   0.82159  0.18515  0.08465  1.67334  0.001093  0.000726  0.010402     1.504
   0.83610  0.17073  0.08302  1.69994  0.000990  0.000661  0.011130     1.498
   0.84984  0.15711  0.08122  1.72667  0.000894  0.000599  0.011932     1.491
   0.86279  0.14431  0.07928  1.75329  0.000805  0.000543  0.012800     1.484
   0.87494  0.13234  0.07722  1.77976  0.000724  0.000490  0.013723     1.478
   0.88628  0.12120  0.07507  1.80561  0.000651  0.000442  0.014634     1.475
   0.89684  0.11088  0.07285  1.83092  0.000588  0.000397  0.015420     1.480
   0.90665  0.10133  0.07058  1.85504  0.000537  0.000358  0.015758     1.502
   0.91577  0.09251  0.06827  1.87814  0.000506  0.000323  0.015001     1.567
   0.92423  0.08438  0.06595  1.90208  0.000508  0.000292  0.012055     1.736
   0.93209  0.07687  0.06361  1.93389  0.000565  0.000264  0.007968     2.143
   0.93940  0.06995  0.06127  1.99413  0.000687  0.000225  0.002287     3.058
   0.94621  0.06354  0.05894  2.04344  0.000759  0.000196 -0.000077     3.871
   0.95258  0.05762  0.05661  2.06046  0.000736  0.000187 -0.000217     3.944
   0.95853  0.05214  0.05428  2.07827  0.000685  0.000178 -0.000057     3.857
   0.96412  0.04706  0.05196  2.09716  0.000622  0.000168  0.000353     3.695
   0.96937  0.04235  0.04964  2.11724  0.000561  0.000159  0.000973     3.523
   0.97433  0.03797  0.04732  2.13847  0.000504  0.000150  0.001824     3.354
   0.97901  0.03390  0.04500  2.16038  0.000453  0.000141  0.002851     3.208
   0.98345  0.03012  0.04268  2.18252  0.000408  0.000132  0.004057     3.081
   0.98766  0.02661  0.04035  2.20435  0.000368  0.000124  0.005453     2.969
   0.99168  0.02334  0.03801  2.22510  0.000333  0.000116  0.006995     2.874
   0.99551  0.02032  0.03566  2.24424  0.000302  0.000108  0.008701     2.792
   0.99917  0.01753  0.03329  2.26112  0.000275  0.000101  0.010596     2.719
   1.00268  0.01495  0.03091  2.27485  0.000250  0.000094  0.012640     2.655
   1.00605  0.01259  0.02850  2.28489  0.000228  0.000088  0.014973     2.593
   1.00930  0.01043  0.02608  2.28942  0.000209  0.000082  0.017361     2.542
   1.01243  0.00848  0.02363  2.28788  0.000191  0.000077  0.019950     2.493
   1.01545  0.00674  0.02116  2.27854  0.000176  0.000072  0.022566     2.449
   1.01838  0.00520  0.01867  2.26031  0.000163  0.000068  0.025191     2.410
   1.02122  0.00386  0.01616  2.23182  0.000152  0.000064  0.027763     2.373
   1.02398  0.00273  0.01365  2.19161  0.000142  0.000061  0.029918     2.343
   1.02666  0.00180  0.01113  2.14000  0.000134  0.000058  0.031764     2.316
   1.02928  0.00107  0.00861  2.07656  0.000128  0.000056  0.033109     2.291
   1.03184  0.00053  0.00611  2.00187  0.000123  0.000054  0.033898     2.270
   1.03433  0.00019  0.00364  1.91729  0.000120  0.000053  0.033709     2.258
   1.03678  0.00002  0.00120  1.82699  0.000117  0.000052  0.032942     2.251
   1.03918  0.00002 -0.00120  1.73288  0.000116  0.000052  0.031934     2.244
   1.04162  0.00019 -0.00364  1.63215  0.000114  0.000051  0.030616     2.238
   1.04412  0.00053 -0.00611  1.52429  0.000113  0.000051  0.029215     2.226
   1.04668  0.00107 -0.00861  1.40913  0.000113  0.000051  0.027033     2.223
   1.04930  0.00180 -0.01113  1.28983  0.000114  0.000051  0.024950     2.211
   1.05198  0.00273 -0.01365  1.16680  0.000116  0.000052  0.022085     2.213
   1.05474  0.00386 -0.01616  1.04449  0.000117  0.000053  0.019654     2.203
   1.05758  0.00520 -0.01867  0.92174  0.000121  0.000055  0.016777     2.205
   1.06051  0.00674 -0.02116  0.80356  0.000125  0.000057  0.014149     2.206
   1.06353  0.00848 -0.02363  0.68937  0.000130  0.000059  0.011744     2.203
   1.06666  0.01043 -0.02608  0.58000  0.000136  0.000061  0.009424     2.206
   1.06991  0.01259 -0.02850  0.47707  0.000142  0.000064  0.007407     2.209
   1.07328  0.01495 -0.03091  0.38004  0.000148  0.000067  0.005617     2.212
   1.07679  0.01753 -0.03329  0.28865  0.000156  0.000070  0.004069     2.212
   1.08045  0.02032 -0.03566  0.20336  0.000164  0.000074  0.002699     2.223
   1.08428  0.02334 -0.03801  0.12315  0.000171  0.000077  0.001570     2.216
   1.08829  0.02661 -0.04035  0.04886  0.000184  0.000083  0.000572     2.230
   1.09251  0.03012 -0.04268 -0.02170  0.000184  0.000083  0.000254     2.230
   1.09695  0.03390 -0.04500 -0.08708  0.000203  0.000091  0.000914     2.242
   1.10163  0.03797 -0.04732 -0.14858  0.000209  0.000094  0.001536     2.229
   1.10658  0.04235 -0.04964 -0.20649  0.000223  0.000099  0.001958     2.255
   1.11184  0.04706 -0.05196 -0.26119  0.000232  0.000103  0.002406     2.242
   1.11743  0.05214 -0.05428 -0.31298  0.000245  0.000109  0.002681     2.260
   1.12338  0.05762 -0.05661 -0.36166  0.000257  0.000114  0.002954     2.259
   1.12974  0.06354 -0.05894 -0.40763  0.000272  0.000120  0.003126     2.268
   1.13656  0.06994 -0.06127 -0.45149  0.000285  0.000126  0.003297     2.269
   1.14387  0.07687 -0.06361 -0.49307  0.000301  0.000132  0.003388     2.278
   1.15173  0.08438 -0.06595 -0.53264  0.000316  0.000139  0.003469     2.281
   1.16019  0.09251 -0.06827 -0.56994  0.000334  0.000146  0.003487     2.290
   1.16930  0.10133 -0.07058 -0.60574  0.000351  0.000153  0.003524     2.292
   1.17912  0.11088 -0.07285 -0.63936  0.000371  0.000161  0.003486     2.302
   1.18968  0.12120 -0.07507 -0.67116  0.000390  0.000169  0.003461     2.306
   1.20102  0.13234 -0.07722 -0.70111  0.000412  0.000178  0.003406     2.313
   1.21316  0.14431 -0.07928 -0.72913  0.000434  0.000187  0.003338     2.319
   1.22611  0.15711 -0.08122 -0.75533  0.000457  0.000197  0.003264     2.325
   1.23986  0.17073 -0.08302 -0.77943  0.000482  0.000207  0.003166     2.334
   1.25436  0.18515 -0.08465 -0.80164  0.000508  0.000217  0.003073     2.340
   1.26959  0.20031 -0.08609 -0.82195  0.000535  0.000228  0.002972     2.347
   1.28548  0.21615 -0.08732 -0.84037  0.000563  0.000239  0.002867     2.355
   1.30198  0.23262 -0.08833 -0.85696  0.000591  0.000250  0.002760     2.363
   1.31902  0.24964 -0.08911 -0.87190  0.000621  0.000262  0.002657     2.370
   1.33654  0.26716 -0.08965 -0.88524  0.000651  0.000274  0.002553     2.378
   1.35450  0.28511 -0.08995 -0.89710  0.000682  0.000286  0.002450     2.386
   1.37283  0.30344 -0.09002 -0.90760  0.000713  0.000298  0.002350     2.395
   1.39150  0.32211 -0.08986 -0.91687  0.000745  0.000310  0.002254     2.403
   1.41047  0.34108 -0.08948 -0.92510  0.000777  0.000322  0.002165     2.410
   1.42972  0.36032 -0.08888 -0.93233  0.000809  0.000335  0.002077     2.419
   1.44920  0.37979 -0.08808 -0.93859  0.000843  0.000347  0.001989     2.428
   1.46891  0.39947 -0.08707 -0.94419  0.000875  0.000360  0.001914     2.434
   1.48882  0.41934 -0.08588 -0.94903  0.000909  0.000372  0.001837     2.443
   1.50891  0.43938 -0.08451 -0.95321  0.000943  0.000385  0.001763     2.451
   1.52916  0.45958 -0.08296 -0.95693  0.000976  0.000397  0.001698     2.458
   1.54957  0.47991 -0.08124 -0.96009  0.001010  0.000410  0.001632     2.466
   1.57012  0.50038 -0.07937 -0.96282  0.001044  0.000422  0.001571     2.473
   1.59079  0.52095 -0.07736 -0.96520  0.001078  0.000435  0.001515     2.480
   1.61158  0.54163 -0.07520 -0.96721  0.001112  0.000447  0.001460     2.487
   1.63248  0.56239 -0.07290 -0.96895  0.001146  0.000459  0.001410     2.494
   1.65346  0.58324 -0.07048 -0.97038  0.001180  0.000472  0.001361     2.501
   1.67453  0.60416 -0.06794 -0.97159  0.001214  0.000484  0.001315     2.508
   1.69567  0.62513 -0.06528 -0.97256  0.001248  0.000496  0.001271     2.514
   1.71688  0.64615 -0.06251 -0.97334  0.001282  0.000508  0.001229     2.521
   1.73814  0.66721 -0.05963 -0.97390  0.001316  0.000521  0.001189     2.528
   1.75943  0.68830 -0.05665 -0.97428  0.001351  0.000533  0.001149     2.536
   1.78076  0.70941 -0.05358 -0.97449  0.001386  0.000545  0.001111     2.543
   1.80210  0.73051 -0.05041 -0.97451  0.001422  0.000557  0.001074     2.551
   1.82344  0.75160 -0.04715 -0.97426  0.001460  0.000570  0.001033     2.562
   1.84476  0.77266 -0.04382 -0.97392  0.001497  0.000582  0.000997     2.571
   1.86602  0.79364 -0.04040 -0.97325  0.001538  0.000595  0.000955     2.585
   1.88719  0.81452 -0.03691 -0.97233  0.001581  0.000608  0.000911     2.601
   1.90820  0.83523 -0.03337 -0.97117  0.001626  0.000621  0.000867     2.618
   1.92898  0.85570 -0.02978 -0.96962  0.001678  0.000635  0.000816     2.642
   1.94942  0.87581 -0.02617 -0.96772  0.001735  0.000650  0.000760     2.671
   1.96935  0.89542 -0.02257 -0.96540  0.001801  0.000665  0.000698     2.709
   1.98861  0.91435 -0.01901 -0.96266  0.001876  0.000681  0.000629     2.757
   2.00697  0.93238 -0.01555 -0.95953  0.001965  0.000697  0.000552     2.819
   2.02422  0.94931 -0.01224 -0.95607  0.002070  0.000714  0.000467     2.898
   2.04019  0.96496 -0.00911 -0.95242  0.002196  0.000732  0.000376     3.001
   2.05476  0.97925 -0.00620 -0.94893  0.002333  0.000748  0.000289     3.118
   2.06793  0.99214 -0.00354 -0.94554  0.002504  0.000764  0.000195     3.277
   2.07596  1.00000 -0.00189 -0.94524  0.002433  0.000766  0.000248     3.175
   2.07596  1.00010  0.00000  0.94524  0.047987  0.010246  0.000000     4.683
   2.08398  1.00813  0.00003  0.94347  0.046677  0.010373  0.000000     4.500
   2.09324  1.01738  0.00016  0.93950  0.044910  0.010655  0.000000     4.215
   2.10393  1.02807  0.00039  0.93420  0.042828  0.011026  0.000000     3.884
   2.11625  1.04039  0.00073  0.92674  0.040432  0.011541  0.000000     3.503
   2.13047  1.05460  0.00121  0.91629  0.037744  0.012255  0.000000     3.080
   2.14688  1.07100  0.00185  0.91005  0.034694  0.012673  0.000000     2.738
   2.16581  1.08991  0.00270  0.90646  0.031463  0.012905  0.000000     2.438
   2.18766  1.11172  0.00382  0.90592  0.028204  0.012938  0.000000     2.180
   2.21286  1.13688  0.00525  0.90853  0.025087  0.012788  0.000000     1.962
   2.24193  1.16590  0.00708  0.91392  0.022259  0.012498  0.000000     1.781
   2.27548  1.19937  0.00939  0.92128  0.019814  0.012132  0.000000     1.633
   2.31419  1.23796  0.01230  0.92963  0.017779  0.011747  0.000000     1.513
   2.35884  1.28247  0.01595  0.93810  0.016124  0.011384  0.000000     1.416
   2.41037  1.33380  0.02049  0.94614  0.014794  0.011060  0.000000     1.338
   2.46982  1.39298  0.02612  0.95348  0.013726  0.010781  0.000000     1.273
   2.53840  1.46121  0.03307  0.96003  0.012866  0.010544  0.000000     1.220
   2.61754  1.53988  0.04161  0.96582  0.012172  0.010343  0.000000     1.177
   2.70884  1.63059  0.05207  0.97089  0.011612  0.010174  0.000000     1.141
   2.81419  1.73515  0.06483  0.97532  0.011161  0.010030  0.000000     1.113
   2.93573  1.85570  0.08034  0.97915  0.010800  0.009909  0.000000     1.090
   3.07596  1.99467  0.09911  0.98328  0.010483  0.009781  0.000000     1.072
