1.00000  0.00189  0.09507
   0.99215  0.00354  0.09373
   0.97925  0.00620  0.09133
   0.96496  0.00911  0.08652
   0.94931  0.01224  0.07949
   0.93238  0.01555  0.07010
   0.91435  0.01901  0.05803
   0.89542  0.02257  0.04302
   0.87581  0.02617  0.02502
   0.85570  0.02978  0.00406
   0.83523  0.03337 -0.01967
   0.81452  0.03691 -0.04592
   0.79364  0.04040 -0.07439
   0.77266  0.04382 -0.10477
   0.75160  0.04715 -0.13673
   0.73051  0.05041 -0.17005
   0.70941  0.05358 -0.20442
   0.68830  0.05665 -0.23974
   0.66721  0.05963 -0.27584
   0.64615  0.06251 -0.31264
   0.62513  0.06528 -0.35015
   0.60416  0.06794 -0.38838
   0.58324  0.07048 -0.42731
   0.56239  0.07290 -0.46699
   0.54163  0.07520 -0.50759
   0.52095  0.07736 -0.54902
   0.50038  0.07937 -0.59147
   0.47991  0.08124 -0.63495
   0.45958  0.08296 -0.67972
   0.43938  0.08451 -0.72549
   0.41934  0.08588 -0.77270
   0.39947  0.08707 -0.82121
   0.37979  0.08808 -0.87120
   0.36032  0.08888 -0.92263
   0.34108  0.08948 -0.97581
   0.32211  0.08986 -1.02974
   0.30344  0.09002 -1.08449
   0.28511  0.08995 -1.14045
   0.26716  0.08965 -1.19650
   0.24964  0.08911 -1.25219
   0.23262  0.08833 -1.30807
   0.21616  0.08732 -1.36879
   0.20031  0.08609 -1.44945
   0.18515  0.08465 -1.58420
   0.17073  0.08302 -1.80629
   0.15711  0.08122 -1.99442
   0.14431  0.07928 -2.03235
   0.13234  0.07722 -2.07019
   0.12120  0.07507 -2.10963
   0.11088  0.07285 -2.15188
   0.10133  0.07058 -2.19777
   0.09251  0.06827 -2.24770
   0.08438  0.06595 -2.30139
   0.07687  0.06361 -2.35896
   0.06995  0.06127 -2.42039
   0.06354  0.05894 -2.48517
   0.05762  0.05661 -2.55255
   0.05214  0.05428 -2.62149
   0.04706  0.05196 -2.69111
   0.04235  0.04964 -2.76037
   0.03797  0.04732 -2.82832
   0.03390  0.04500 -2.89407
   0.03012  0.04268 -2.95647
   0.02661  0.04035 -3.01380
   0.02334  0.03801 -3.06462
   0.02032  0.03566 -3.10715
   0.01753  0.03329 -3.13914
   0.01495  0.03091 -3.15624
   0.01259  0.02850 -3.15733
   0.01043  0.02608 -3.13574
   0.00848  0.02363 -3.09051
   0.00674  0.02116 -3.01347
   0.00520  0.01867 -2.90400
   0.00386  0.01616 -2.75971
   0.00273  0.01365 -2.57622
   0.00180  0.01113 -2.36060
   0.00107  0.00861 -2.11457
   0.00053  0.00611 -1.84326
   0.00019  0.00364 -1.56179
   0.00002  0.00120 -1.27870
   0.00002 -0.00120 -1.00229
   0.00019 -0.00364 -0.72973
   0.00053 -0.00611 -0.46287
   0.00107 -0.00861 -0.20598
   0.00180 -0.01113  0.03291
   0.00273 -0.01365  0.24760
   0.00386 -0.01616  0.43555
   0.00520 -0.01867  0.59349
   0.00674 -0.02116  0.72145
   0.00848 -0.02363  0.82087
   0.01043 -0.02608  0.89563
   0.01259 -0.02850  0.94731
   0.01495 -0.03091  0.97988
   0.01753 -0.03329  0.99645
   0.02032 -0.03566  0.99973
   0.02334 -0.03801  0.99216
   0.02661 -0.04035  0.97616
   0.03012 -0.04268  0.95316
   0.03390 -0.04500  0.92473
   0.03797 -0.04732  0.89212
   0.04235 -0.04964  0.85605
   0.04706 -0.05196  0.81766
   0.05214 -0.05428  0.77725
   0.05762 -0.05661  0.73552
   0.06354 -0.05894  0.69283
   0.06994 -0.06127  0.64979
   0.07687 -0.06361  0.60592
   0.08438 -0.06595  0.56239
   0.09251 -0.06827  0.51925
   0.10133 -0.07058  0.47626
   0.11088 -0.07285  0.43422
   0.12120 -0.07507  0.39344
   0.13234 -0.07722  0.35376
   0.14431 -0.07928  0.31581
   0.15711 -0.08122  0.27965
   0.17073 -0.08302  0.24567
   0.18515 -0.08465  0.21406
   0.20031 -0.08609  0.18505
   0.21615 -0.08732  0.15837
   0.23262 -0.08833  0.13443
   0.24964 -0.08911  0.11292
   0.26716 -0.08965  0.09380
   0.28511 -0.08995  0.07699
   0.30344 -0.09002  0.06233
   0.32211 -0.08986  0.04968
   0.34108 -0.08948  0.03872
   0.36032 -0.08888  0.02945
   0.37979 -0.08808  0.02160
   0.39947 -0.08707  0.01507
   0.41934 -0.08588  0.00967
   0.43938 -0.08451  0.00542
   0.45958 -0.08296  0.00199
   0.47991 -0.08124 -0.00056
   0.50038 -0.07937 -0.00235
   0.52095 -0.07736 -0.00354
   0.54163 -0.07520 -0.00412
   0.56239 -0.07290 -0.00420
   0.58324 -0.07048 -0.00377
   0.60416 -0.06794 -0.00292
   0.62513 -0.06528 -0.00167
   0.64615 -0.06251 -0.00002
   0.66721 -0.05963  0.00202
   0.68830 -0.05665  0.00446
   0.70941 -0.05358  0.00726
   0.73051 -0.05041  0.01046
   0.75160 -0.04715  0.01419
   0.77266 -0.04382  0.01830
   0.79364 -0.04040  0.02300
   0.81452 -0.03691  0.02827
   0.83523 -0.03337  0.03410
   0.85570 -0.02978  0.04057
   0.87581 -0.02617  0.04757
   0.89542 -0.02257  0.05500
   0.91435 -0.01901  0.06261
   0.93238 -0.01555  0.07008
   0.94931 -0.01224  0.07705
   0.96496 -0.00911  0.08323
   0.97925 -0.00620  0.08845
   0.99214 -0.00354  0.09277
   1.00000 -0.00189  0.09507
