 1.00000  0.00189  0.13806
   0.99215  0.00354  0.13435
   0.97925  0.00620  0.12689
   0.96496  0.00911  0.11664
   0.94931  0.01224  0.10301
   0.93238  0.01555  0.08561
   0.91435  0.01901  0.06429
   0.89542  0.02257  0.03921
   0.87581  0.02617  0.01087
   0.85570  0.02978 -0.02018
   0.83523  0.03337 -0.05322
   0.81452  0.03691 -0.08767
   0.79364  0.04040 -0.12300
   0.77266  0.04382 -0.15889
   0.75160  0.04715 -0.19508
   0.73051  0.05041 -0.23154
   0.70941  0.05358 -0.26812
   0.68830  0.05665 -0.30494
   0.66721  0.05963 -0.34203
   0.64615  0.06251 -0.37946
   0.62513  0.06528 -0.41738
   0.60416  0.06794 -0.45596
   0.58324  0.07048 -0.49518
   0.56239  0.07290 -0.53521
   0.54163  0.07520 -0.57629
   0.52095  0.07736 -0.61832
   0.50038  0.07937 -0.66154
   0.47991  0.08124 -0.70599
   0.45958  0.08296 -0.75202
   0.43938  0.08451 -0.79923
   0.41934  0.08588 -0.84821
   0.39947  0.08707 -0.89880
   0.37979  0.08808 -0.95125
   0.36032  0.08888 -1.00541
   0.34108  0.08948 -1.06163
   0.32211  0.08986 -1.11980
   0.30344  0.09002 -1.17999
   0.28511  0.08995 -1.24224
   0.26716  0.08965 -1.30663
   0.24964  0.08911 -1.37300
   0.23262  0.08833 -1.44102
   0.21616  0.08732 -1.51080
   0.20031  0.08609 -1.58202
   0.18515  0.08465 -1.65369
   0.17073  0.08302 -1.72537
   0.15711  0.08122 -1.79624
   0.14431  0.07928 -1.86627
   0.13234  0.07722 -1.93561
   0.12120  0.07507 -2.01372
   0.11088  0.07285 -2.14309
   0.10133  0.07058 -2.37076
   0.09251  0.06827 -2.45544
   0.08438  0.06595 -2.51281
   0.07687  0.06361 -2.57264
   0.06995  0.06127 -2.63555
   0.06354  0.05894 -2.70193
   0.05762  0.05661 -2.77177
   0.05214  0.05428 -2.84437
   0.04706  0.05196 -2.91897
   0.04235  0.04964 -2.99442
   0.03797  0.04732 -3.06961
   0.03390  0.04500 -3.14356
   0.03012  0.04268 -3.21503
   0.02661  0.04035 -3.28180
   0.02334  0.03801 -3.34259
   0.02032  0.03566 -3.39551
   0.01753  0.03329 -3.43853
   0.01495  0.03091 -3.46539
   0.01259  0.02850 -3.47747
   0.01043  0.02608 -3.46442
   0.00848  0.02363 -3.42829
   0.00674  0.02116 -3.35680
   0.00520  0.01867 -3.25102
   0.00386  0.01616 -3.10850
   0.00273  0.01365 -2.92210
   0.00180  0.01113 -2.70052
   0.00107  0.00861 -2.44536
   0.00053  0.00611 -2.15957
   0.00019  0.00364 -1.86175
   0.00002  0.00120 -1.55961
   0.00002 -0.00120 -1.26410
   0.00019 -0.00364 -0.97070
   0.00053 -0.00611 -0.68256
   0.00107 -0.00861 -0.40262
   0.00180 -0.01113 -0.13980
   0.00273 -0.01365  0.09862
   0.00386 -0.01616  0.30981
   0.00520 -0.01867  0.48974
   0.00674 -0.02116  0.63783
   0.00848 -0.02363  0.75554
   0.01043 -0.02608  0.84663
   0.01259 -0.02850  0.91295
   0.01495 -0.03091  0.95788
   0.01753 -0.03329  0.98566
   0.02032 -0.03566  0.99827
   0.02334 -0.03801  0.99892
   0.02661 -0.04035  0.98980
   0.03012 -0.04268  0.97274
   0.03390 -0.04500  0.94931
   0.03797 -0.04732  0.92105
   0.04235 -0.04964  0.88844
   0.04706 -0.05196  0.85320
   0.05214 -0.05428  0.81522
   0.05762 -0.05661  0.77559
   0.06354 -0.05894  0.73460
   0.06994 -0.06127  0.69294
   0.07687 -0.06361  0.65003
   0.08438 -0.06595  0.60736
   0.09251 -0.06827  0.56480
   0.10133 -0.07058  0.52211
   0.11088 -0.07285  0.48026
   0.12120 -0.07507  0.43955
   0.13234 -0.07722  0.39973
   0.14431 -0.07928  0.36156
   0.15711 -0.08122  0.32507
   0.17073 -0.08302  0.29070
   0.18515 -0.08465  0.25863
   0.20031 -0.08609  0.22919
   0.21615 -0.08732  0.20194
   0.23262 -0.08833  0.17753
   0.24964 -0.08911  0.15548
   0.26716 -0.08965  0.13586
   0.28511 -0.08995  0.11859
   0.30344 -0.09002  0.10347
   0.32211 -0.08986  0.09043
   0.34108 -0.08948  0.07906
   0.36032 -0.08888  0.06947
   0.37979 -0.08808  0.06130
   0.39947 -0.08707  0.05453
   0.41934 -0.08588  0.04890
   0.43938 -0.08451  0.04451
   0.45958 -0.08296  0.04094
   0.47991 -0.08124  0.03834
   0.50038 -0.07937  0.03655
   0.52095 -0.07736  0.03539
   0.54163 -0.07520  0.03491
   0.56239 -0.07290  0.03499
   0.58324 -0.07048  0.03565
   0.60416 -0.06794  0.03681
   0.62513 -0.06528  0.03845
   0.64615 -0.06251  0.04058
   0.66721 -0.05963  0.04324
   0.68830 -0.05665  0.04641
   0.70941 -0.05358  0.05011
   0.73051 -0.05041  0.05441
   0.75160 -0.04715  0.05953
   0.77266 -0.04382  0.06529
   0.79364 -0.04040  0.07207
   0.81452 -0.03691  0.07984
   0.83523 -0.03337  0.08854
   0.85570 -0.02978  0.09803
   0.87581 -0.02617  0.10760
   0.89542 -0.02257  0.11618
   0.91435 -0.01901  0.12294
   0.93238 -0.01555  0.12815
   0.94931 -0.01224  0.13198
   0.96496 -0.00911  0.13456
   0.97925 -0.00620  0.13622
   0.99214 -0.00354  0.13726
   1.00000 -0.00189  0.13806
