1.00000  0.00189  0.15963
   0.99215  0.00354  0.15584
   0.97925  0.00620  0.14804
   0.96496  0.00911  0.13713
   0.94931  0.01224  0.12247
   0.93238  0.01555  0.10367
   0.91435  0.01901  0.08067
   0.89542  0.02257  0.05372
   0.87581  0.02617  0.02347
   0.85570  0.02978 -0.00939
   0.83523  0.03337 -0.04403
   0.81452  0.03691 -0.07981
   0.79364  0.04040 -0.11621
   0.77266  0.04382 -0.15289
   0.75160  0.04715 -0.18966
   0.73051  0.05041 -0.22652
   0.70941  0.05358 -0.26336
   0.68830  0.05665 -0.30034
   0.66721  0.05963 -0.33752
   0.64615  0.06251 -0.37498
   0.62513  0.06528 -0.41289
   0.60416  0.06794 -0.45144
   0.58324  0.07048 -0.49061
   0.56239  0.07290 -0.53056
   0.54163  0.07520 -0.57157
   0.52095  0.07736 -0.61351
   0.50038  0.07937 -0.65665
   0.47991  0.08124 -0.70100
   0.45958  0.08296 -0.74693
   0.43938  0.08451 -0.79404
   0.41934  0.08588 -0.84292
   0.39947  0.08707 -0.89340
   0.37979  0.08808 -0.94577
   0.36032  0.08888 -0.99983
   0.34108  0.08948 -1.05599
   0.32211  0.08986 -1.11411
   0.30344  0.09002 -1.17426
   0.28511  0.08995 -1.23653
   0.26716  0.08965 -1.30100
   0.24964  0.08911 -1.36752
   0.23262  0.08833 -1.43582
   0.21616  0.08732 -1.50604
   0.20031  0.08609 -1.57803
   0.18515  0.08465 -1.65079
   0.17073  0.08302 -1.72413
   0.15711  0.08122 -1.79727
   0.14431  0.07928 -1.86918
   0.13234  0.07722 -1.93855
   0.12120  0.07507 -2.00719
   0.11088  0.07285 -2.08314
   0.10133  0.07058 -2.21055
   0.09251  0.06827 -2.44200
   0.08438  0.06595 -2.49834
   0.07687  0.06361 -2.55791
   0.06995  0.06127 -2.62070
   0.06354  0.05894 -2.68679
   0.05762  0.05661 -2.75618
   0.05214  0.05428 -2.82815
   0.04706  0.05196 -2.90201
   0.04235  0.04964 -2.97663
   0.03797  0.04732 -3.05093
   0.03390  0.04500 -3.12393
   0.03012  0.04268 -3.19447
   0.02661  0.04035 -3.26024
   0.02334  0.03801 -3.31987
   0.02032  0.03566 -3.37167
   0.01753  0.03329 -3.41376
   0.01495  0.03091 -3.43914
   0.01259  0.02850 -3.45052
   0.01043  0.02608 -3.43606
   0.00848  0.02363 -3.39950
   0.00674  0.02116 -3.32671
   0.00520  0.01867 -3.22022
   0.00386  0.01616 -3.07731
   0.00273  0.01365 -2.89064
   0.00180  0.01113 -2.66852
   0.00107  0.00861 -2.41413
   0.00053  0.00611 -2.12909
   0.00019  0.00364 -1.83218
   0.00002  0.00120 -1.53091
   0.00002 -0.00120 -1.23673
   0.00019 -0.00364 -0.94488
   0.00053 -0.00611 -0.65884
   0.00107 -0.00861 -0.38075
   0.00180 -0.01113 -0.12047
   0.00273 -0.01365  0.11563
   0.00386 -0.01616  0.32454
   0.00520 -0.01867  0.50226
   0.00674 -0.02116  0.64802
   0.00848 -0.02363  0.76371
   0.01043 -0.02608  0.85303
   0.01259 -0.02850  0.91752
   0.01495 -0.03091  0.96097
   0.01753 -0.03329  0.98740
   0.02032 -0.03566  0.99882
   0.02334 -0.03801  0.99842
   0.02661 -0.04035  0.98841
   0.03012 -0.04268  0.97051
   0.03390 -0.04500  0.94643
   0.03797 -0.04732  0.91760
   0.04235 -0.04964  0.88443
   0.04706 -0.05196  0.84879
   0.05214 -0.05428  0.81045
   0.05762 -0.05661  0.77052
   0.06354 -0.05894  0.72922
   0.06994 -0.06127  0.68739
   0.07687 -0.06361  0.64428
   0.08438 -0.06595  0.60147
   0.09251 -0.06827  0.55886
   0.10133 -0.07058  0.51602
   0.11088 -0.07285  0.47413
   0.12120 -0.07507  0.43342
   0.13234 -0.07722  0.39357
   0.14431 -0.07928  0.35542
   0.15711 -0.08122  0.31894
   0.17073 -0.08302  0.28460
   0.18515 -0.08465  0.25256
   0.20031 -0.08609  0.22320
   0.21615 -0.08732  0.19597
   0.23262 -0.08833  0.17162
   0.24964 -0.08911  0.14963
   0.26716 -0.08965  0.13008
   0.28511 -0.08995  0.11286
   0.30344 -0.09002  0.09779
   0.32211 -0.08986  0.08478
   0.34108 -0.08948  0.07346
   0.36032 -0.08888  0.06390
   0.37979 -0.08808  0.05579
   0.39947 -0.08707  0.04901
   0.41934 -0.08588  0.04340
   0.43938 -0.08451  0.03904
   0.45958 -0.08296  0.03544
   0.47991 -0.08124  0.03284
   0.50038 -0.07937  0.03101
   0.52095 -0.07736  0.02982
   0.54163 -0.07520  0.02928
   0.56239 -0.07290  0.02928
   0.58324 -0.07048  0.02985
   0.60416 -0.06794  0.03090
   0.62513 -0.06528  0.03239
   0.64615 -0.06251  0.03435
   0.66721 -0.05963  0.03679
   0.68830 -0.05665  0.03971
   0.70941 -0.05358  0.04310
   0.73051 -0.05041  0.04701
   0.75160 -0.04715  0.05170
   0.77266 -0.04382  0.05689
   0.79364 -0.04040  0.06303
   0.81452 -0.03691  0.07008
   0.83523 -0.03337  0.07806
   0.85570 -0.02978  0.08700
   0.87581 -0.02617  0.09648
   0.89542 -0.02257  0.10565
   0.91435 -0.01901  0.11339
   0.93238 -0.01555  0.11925
   0.94931 -0.01224  0.12379
   0.96496 -0.00911  0.12703
   0.97925 -0.00620  0.12927
   0.99214 -0.00354  0.13086
   1.00000 -0.00189  0.15963
