1.00000  0.00189  0.26078
   0.99215  0.00354  0.24851
   0.97925  0.00620  0.22449
   0.96496  0.00911  0.19625
   0.94931  0.01224  0.16419
   0.93238  0.01555  0.12958
   0.91435  0.01901  0.09371
   0.89542  0.02257  0.05770
   0.87581  0.02617  0.02252
   0.85570  0.02978 -0.01155
   0.83523  0.03337 -0.04427
   0.81452  0.03691 -0.07573
   0.79364  0.04040 -0.10603
   0.77266  0.04382 -0.13546
   0.75160  0.04715 -0.16408
   0.73051  0.05041 -0.19229
   0.70941  0.05358 -0.22002
   0.68830  0.05665 -0.24760
   0.66721  0.05963 -0.27508
   0.64615  0.06251 -0.30253
   0.62513  0.06528 -0.33018
   0.60416  0.06794 -0.35816
   0.58324  0.07048 -0.38634
   0.56239  0.07290 -0.41488
   0.54163  0.07520 -0.44402
   0.52095  0.07736 -0.47353
   0.50038  0.07937 -0.50353
   0.47991  0.08124 -0.53409
   0.45958  0.08296 -0.56534
   0.43938  0.08451 -0.59697
   0.41934  0.08588 -0.62909
   0.39947  0.08707 -0.66165
   0.37979  0.08808 -0.69446
   0.36032  0.08888 -0.72717
   0.34108  0.08948 -0.75956
   0.32211  0.08986 -0.79108
   0.30344  0.09002 -0.82210
   0.28511  0.08995 -0.85762
   0.26716  0.08965 -0.91947
   0.24964  0.08911 -1.01296
   0.23262  0.08833 -1.03649
   0.21616  0.08732 -1.06626
   0.20031  0.08609 -1.09889
   0.18515  0.08465 -1.13324
   0.17073  0.08302 -1.16831
   0.15711  0.08122 -1.20353
   0.14431  0.07928 -1.23833
   0.13234  0.07722 -1.27251
   0.12120  0.07507 -1.30526
   0.11088  0.07285 -1.33698
   0.10133  0.07058 -1.36701
   0.09251  0.06827 -1.39532
   0.08438  0.06595 -1.42192
   0.07687  0.06361 -1.44678
   0.06995  0.06127 -1.46908
   0.06354  0.05894 -1.48963
   0.05762  0.05661 -1.50716
   0.05214  0.05428 -1.52246
   0.04706  0.05196 -1.53414
   0.04235  0.04964 -1.54258
   0.03797  0.04732 -1.54682
   0.03390  0.04500 -1.54631
   0.03012  0.04268 -1.53999
   0.02661  0.04035 -1.52799
   0.02334  0.03801 -1.50694
   0.02032  0.03566 -1.47802
   0.01753  0.03329 -1.43839
   0.01495  0.03091 -1.38715
   0.01259  0.02850 -1.32046
   0.01043  0.02608 -1.23979
   0.00848  0.02363 -1.14262
   0.00674  0.02116 -1.02405
   0.00520  0.01867 -0.88958
   0.00386  0.01616 -0.73875
   0.00273  0.01365 -0.56831
   0.00180  0.01113 -0.38927
   0.00107  0.00861 -0.20391
   0.00053  0.00611 -0.01761
   0.00019  0.00364  0.16068
   0.00002  0.00120  0.32674
   0.00002 -0.00120  0.47608
   0.00019 -0.00364  0.61024
   0.00053 -0.00611  0.72943
   0.00107 -0.00861  0.82764
   0.00180 -0.01113  0.90433
   0.00273 -0.01365  0.95802
   0.00386 -0.01616  0.98922
   0.00520 -0.01867  0.99996
   0.00674 -0.02116  0.99281
   0.00848 -0.02363  0.97086
   0.01043 -0.02608  0.93724
   0.01259 -0.02850  0.89477
   0.01495 -0.03091  0.84658
   0.01753 -0.03329  0.79424
   0.02032 -0.03566  0.73879
   0.02334 -0.03801  0.68264
   0.02661 -0.04035  0.62684
   0.03012 -0.04268  0.57059
   0.03390 -0.04500  0.51569
   0.03797 -0.04732  0.46219
   0.04235 -0.04964  0.41031
   0.04706 -0.05196  0.35986
   0.05214 -0.05428  0.31139
   0.05762 -0.05661  0.26491
   0.06354 -0.05894  0.22001
   0.06994 -0.06127  0.17735
   0.07687 -0.06361  0.13603
   0.08438 -0.06595  0.09731
   0.09251 -0.06827  0.06057
   0.10133 -0.07058  0.02551
   0.11088 -0.07285 -0.00698
   0.12120 -0.07507 -0.03731
   0.13234 -0.07722 -0.06532
   0.14431 -0.07928 -0.09062
   0.15711 -0.08122 -0.11345
   0.17073 -0.08302 -0.13360
   0.18515 -0.08465 -0.15097
   0.20031 -0.08609 -0.16568
   0.21615 -0.08732 -0.17782
   0.23262 -0.08833 -0.18742
   0.24964 -0.08911 -0.19468
   0.26716 -0.08965 -0.19994
   0.28511 -0.08995 -0.20315
   0.30344 -0.09002 -0.20455
   0.32211 -0.08986 -0.20442
   0.34108 -0.08948 -0.20290
   0.36032 -0.08888 -0.20018
   0.37979 -0.08808 -0.19642
   0.39947 -0.08707 -0.19173
   0.41934 -0.08588 -0.18632
   0.43938 -0.08451 -0.18012
   0.45958 -0.08296 -0.17350
   0.47991 -0.08124 -0.16629
   0.50038 -0.07937 -0.15865
   0.52095 -0.07736 -0.15075
   0.54163 -0.07520 -0.14248
   0.56239 -0.07290 -0.13403
   0.58324 -0.07048 -0.12533
   0.60416 -0.06794 -0.11649
   0.62513 -0.06528 -0.10750
   0.64615 -0.06251 -0.09840
   0.66721 -0.05963 -0.08924
   0.68830 -0.05665 -0.08006
   0.70941 -0.05358 -0.07097
   0.73051 -0.05041 -0.06207
   0.75160 -0.04715 -0.05340
   0.77266 -0.04382 -0.04528
   0.79364 -0.04040 -0.03784
   0.81452 -0.03691 -0.03175
   0.83523 -0.03337 -0.00894
   0.85570 -0.02978  0.03013
   0.87581 -0.02617  0.05768
   0.89542 -0.02257  0.07733
   0.91435 -0.01901  0.09596
   0.93238 -0.01555  0.11665
   0.94931 -0.01224  0.14033
   0.96496 -0.00911  0.16824
   0.97925 -0.00620  0.20030
   0.99214 -0.00354  0.24108
   1.00000 -0.00189  0.26078
