1.00000  0.00189  0.53212
   0.99215  0.00354  0.34273
   0.97925  0.00620  0.26420
   0.96496  0.00911  0.20620
   0.94931  0.01224  0.16049
   0.93238  0.01555  0.12159
   0.91435  0.01901  0.08712
   0.89542  0.02257  0.05583
   0.87581  0.02617  0.02745
   0.85570  0.02978  0.00109
   0.83523  0.03337 -0.02344
   0.81452  0.03691 -0.04657
   0.79364  0.04040 -0.06841
   0.77266  0.04382 -0.08950
   0.75160  0.04715 -0.10965
   0.73051  0.05041 -0.12952
   0.70941  0.05358 -0.14871
   0.68830  0.05665 -0.16774
   0.66721  0.05963 -0.18650
   0.64615  0.06251 -0.20501
   0.62513  0.06528 -0.22359
   0.60416  0.06794 -0.24223
   0.58324  0.07048 -0.26078
   0.56239  0.07290 -0.27933
   0.54163  0.07520 -0.29812
   0.52095  0.07736 -0.31697
   0.50038  0.07937 -0.33568
   0.47991  0.08124 -0.35473
   0.45958  0.08296 -0.37387
   0.43938  0.08451 -0.39278
   0.41934  0.08588 -0.41182
   0.39947  0.08707 -0.43083
   0.37979  0.08808 -0.44972
   0.36032  0.08888 -0.46817
   0.34108  0.08948 -0.48660
   0.32211  0.08986 -0.50451
   0.30344  0.09002 -0.52177
   0.28511  0.08995 -0.53826
   0.26716  0.08965 -0.55412
   0.24964  0.08911 -0.56874
   0.23262  0.08833 -0.58208
   0.21616  0.08732 -0.59414
   0.20031  0.08609 -0.60419
   0.18515  0.08465 -0.61270
   0.17073  0.08302 -0.61889
   0.15711  0.08122 -0.62333
   0.14431  0.07928 -0.62491
   0.13234  0.07722 -0.62436
   0.12120  0.07507 -0.62129
   0.11088  0.07285 -0.61573
   0.10133  0.07058 -0.60738
   0.09251  0.06827 -0.59725
   0.08438  0.06595 -0.58365
   0.07687  0.06361 -0.56771
   0.06995  0.06127 -0.54918
   0.06354  0.05894 -0.52730
   0.05762  0.05661 -0.50306
   0.05214  0.05428 -0.47530
   0.04706  0.05196 -0.44373
   0.04235  0.04964 -0.40904
   0.03797  0.04732 -0.36931
   0.03390  0.04500 -0.32600
   0.03012  0.04268 -0.27744
   0.02661  0.04035 -0.22422
   0.02334  0.03801 -0.16459
   0.02032  0.03566 -0.09859
   0.01753  0.03329 -0.02753
   0.01495  0.03091  0.05164
   0.01259  0.02850  0.13603
   0.01043  0.02608  0.22766
   0.00848  0.02363  0.32301
   0.00674  0.02116  0.42463
   0.00520  0.01867  0.52569
   0.00386  0.01616  0.62569
   0.00273  0.01365  0.72213
   0.00180  0.01113  0.80835
   0.00107  0.00861  0.88188
   0.00053  0.00611  0.93953
   0.00019  0.00364  0.97828
   0.00002  0.00120  0.99763
   0.00002 -0.00120  0.99764
   0.00019 -0.00364  0.97841
   0.00053 -0.00611  0.93929
   0.00107 -0.00861  0.88203
   0.00180 -0.01113  0.80851
   0.00273 -0.01365  0.72166
   0.00386 -0.01616  0.62643
   0.00520 -0.01867  0.52579
   0.00674 -0.02116  0.42383
   0.00848 -0.02363  0.32435
   0.01043 -0.02608  0.22751
   0.01259 -0.02850  0.13605
   0.01495 -0.03091  0.05155
   0.01753 -0.03329 -0.02715
   0.02032 -0.03566 -0.09915
   0.02334 -0.03801 -0.16426
   0.02661 -0.04035 -0.22346
   0.03012 -0.04268 -0.27766
   0.03390 -0.04500 -0.32588
   0.03797 -0.04732 -0.36977
   0.04235 -0.04964 -0.40846
   0.04706 -0.05196 -0.44395
   0.05214 -0.05428 -0.47483
   0.05762 -0.05661 -0.50282
   0.06354 -0.05894 -0.52773
   0.06994 -0.06127 -0.54858
   0.07687 -0.06361 -0.56802
   0.08438 -0.06595 -0.58369
   0.09251 -0.06827 -0.59646
   0.10133 -0.07058 -0.60788
   0.11088 -0.07285 -0.61559
   0.12120 -0.07507 -0.62119
   0.13234 -0.07722 -0.62423
   0.14431 -0.07928 -0.62477
   0.15711 -0.08122 -0.62315
   0.17073 -0.08302 -0.61899
   0.18515 -0.08465 -0.61266
   0.20031 -0.08609 -0.60420
   0.21615 -0.08732 -0.59396
   0.23262 -0.08833 -0.58210
   0.24964 -0.08911 -0.56859
   0.26716 -0.08965 -0.55410
   0.28511 -0.08995 -0.53831
   0.30344 -0.09002 -0.52179
   0.32211 -0.08986 -0.50431
   0.34108 -0.08948 -0.48656
   0.36032 -0.08888 -0.46828
   0.37979 -0.08808 -0.44948
   0.39947 -0.08707 -0.43085
   0.41934 -0.08588 -0.41188
   0.43938 -0.08451 -0.39262
   0.45958 -0.08296 -0.37383
   0.47991 -0.08124 -0.35471
   0.50038 -0.07937 -0.33565
   0.52095 -0.07736 -0.31687
   0.54163 -0.07520 -0.29803
   0.56239 -0.07290 -0.27934
   0.58324 -0.07048 -0.26068
   0.60416 -0.06794 -0.24213
   0.62513 -0.06528 -0.22365
   0.64615 -0.06251 -0.20504
   0.66721 -0.05963 -0.18643
   0.68830 -0.05665 -0.16763
   0.70941 -0.05358 -0.14863
   0.73051 -0.05041 -0.12959
   0.75160 -0.04715 -0.10955
   0.77266 -0.04382 -0.08948
   0.79364 -0.04040 -0.06846
   0.81452 -0.03691 -0.04640
   0.83523 -0.03337 -0.02341
   0.85570 -0.02978  0.00114
   0.87581 -0.02617  0.02746
   0.89542 -0.02257  0.05599
   0.91435 -0.01901  0.08705
   0.93238 -0.01555  0.12169
   0.94931 -0.01224  0.16049
   0.96496 -0.00911  0.20632
   0.97925 -0.00620  0.26424
   0.99214 -0.00354  0.34301
   1.00000 -0.00189  0.53212
