1.00000  0.00189  0.24661
   0.99215  0.00354  0.23254
   0.97925  0.00620  0.20587
   0.96496  0.00911  0.17815
   0.94931  0.01224  0.14964
   0.93238  0.01555  0.12139
   0.91435  0.01901  0.09398
   0.89542  0.02257  0.06781
   0.87581  0.02617  0.04300
   0.85570  0.02978  0.01917
   0.83523  0.03337 -0.00401
   0.81452  0.03691 -0.02723
   0.79364  0.04040 -0.05375
   0.77266  0.04382 -0.08734
   0.75160  0.04715 -0.13184
   0.73051  0.05041 -0.18817
   0.70941  0.05358 -0.24417
   0.68830  0.05665 -0.25216
   0.66721  0.05963 -0.26033
   0.64615  0.06251 -0.26885
   0.62513  0.06528 -0.27785
   0.60416  0.06794 -0.28746
   0.58324  0.07048 -0.29775
   0.56239  0.07290 -0.30880
   0.54163  0.07520 -0.32075
   0.52095  0.07736 -0.33367
   0.50038  0.07937 -0.34763
   0.47991  0.08124 -0.36260
   0.45958  0.08296 -0.37849
   0.43938  0.08451 -0.39516
   0.41934  0.08588 -0.41244
   0.39947  0.08707 -0.43014
   0.37979  0.08808 -0.44808
   0.36032  0.08888 -0.46606
   0.34108  0.08948 -0.48394
   0.32211  0.08986 -0.50152
   0.30344  0.09002 -0.51861
   0.28511  0.08995 -0.53505
   0.26716  0.08965 -0.55067
   0.24964  0.08911 -0.56523
   0.23262  0.08833 -0.57856
   0.21616  0.08732 -0.59041
   0.20031  0.08609 -0.60060
   0.18515  0.08465 -0.60891
   0.17073  0.08302 -0.61518
   0.15711  0.08122 -0.61923
   0.14431  0.07928 -0.62095
   0.13234  0.07722 -0.62024
   0.12120  0.07507 -0.61699
   0.11088  0.07285 -0.61132
   0.10133  0.07058 -0.60298
   0.09251  0.06827 -0.59219
   0.08438  0.06595 -0.57862
   0.07687  0.06361 -0.56254
   0.06995  0.06127 -0.54358
   0.06354  0.05894 -0.52168
   0.05762  0.05661 -0.49687
   0.05214  0.05428 -0.46873
   0.04706  0.05196 -0.43707
   0.04235  0.04964 -0.40171
   0.03797  0.04732 -0.36207
   0.03390  0.04500 -0.31816
   0.03012  0.04268 -0.26949
   0.02661  0.04035 -0.21555
   0.02334  0.03801 -0.15597
   0.02032  0.03566 -0.09006
   0.01753  0.03329 -0.01847
   0.01495  0.03091  0.06012
   0.01259  0.02850  0.14468
   0.01043  0.02608  0.23570
   0.00848  0.02363  0.33106
   0.00674  0.02116  0.43088
   0.00520  0.01867  0.53149
   0.00386  0.01616  0.63114
   0.00273  0.01365  0.72563
   0.00180  0.01113  0.81111
   0.00107  0.00861  0.88369
   0.00053  0.00611  0.94026
   0.00019  0.00364  0.97868
   0.00002  0.00120  0.99766
   0.00002 -0.00120  0.99768
   0.00019 -0.00364  0.97867
   0.00053 -0.00611  0.94018
   0.00107 -0.00861  0.88365
   0.00180 -0.01113  0.81116
   0.00273 -0.01365  0.72562
   0.00386 -0.01616  0.63108
   0.00520 -0.01867  0.53198
   0.00674 -0.02116  0.43041
   0.00848 -0.02363  0.33171
   0.01043 -0.02608  0.23547
   0.01259 -0.02850  0.14478
   0.01495 -0.03091  0.06016
   0.01753 -0.03329 -0.01841
   0.02032 -0.03566 -0.09027
   0.02334 -0.03801 -0.15599
   0.02661 -0.04035 -0.21540
   0.03012 -0.04268 -0.26948
   0.03390 -0.04500 -0.31808
   0.03797 -0.04732 -0.36218
   0.04235 -0.04964 -0.40162
   0.04706 -0.05196 -0.43703
   0.05214 -0.05428 -0.46855
   0.05762 -0.05661 -0.49689
   0.06354 -0.05894 -0.52173
   0.06994 -0.06127 -0.54349
   0.07687 -0.06361 -0.56256
   0.08438 -0.06595 -0.57873
   0.09251 -0.06827 -0.59203
   0.10133 -0.07058 -0.60304
   0.11088 -0.07285 -0.61129
   0.12120 -0.07507 -0.61702
   0.13234 -0.07722 -0.62017
   0.14431 -0.07928 -0.62090
   0.15711 -0.08122 -0.61920
   0.17073 -0.08302 -0.61516
   0.18515 -0.08465 -0.60891
   0.20031 -0.08609 -0.60060
   0.21615 -0.08732 -0.59038
   0.23262 -0.08833 -0.57852
   0.24964 -0.08911 -0.56519
   0.26716 -0.08965 -0.55067
   0.28511 -0.08995 -0.53504
   0.30344 -0.09002 -0.51861
   0.32211 -0.08986 -0.50148
   0.34108 -0.08948 -0.48392
   0.36032 -0.08888 -0.46606
   0.37979 -0.08808 -0.44807
   0.39947 -0.08707 -0.43013
   0.41934 -0.08588 -0.41243
   0.43938 -0.08451 -0.39514
   0.45958 -0.08296 -0.37847
   0.47991 -0.08124 -0.36258
   0.50038 -0.07937 -0.34761
   0.52095 -0.07736 -0.33366
   0.54163 -0.07520 -0.32073
   0.56239 -0.07290 -0.30879
   0.58324 -0.07048 -0.29773
   0.60416 -0.06794 -0.28745
   0.62513 -0.06528 -0.27784
   0.64615 -0.06251 -0.26884
   0.66721 -0.05963 -0.26032
   0.68830 -0.05665 -0.25214
   0.70941 -0.05358 -0.24416
   0.73051 -0.05041 -0.18815
   0.75160 -0.04715 -0.13182
   0.77266 -0.04382 -0.08733
   0.79364 -0.04040 -0.05376
   0.81452 -0.03691 -0.02719
   0.83523 -0.03337 -0.00400
   0.85570 -0.02978  0.01919
   0.87581 -0.02617  0.04300
   0.89542 -0.02257  0.06784
   0.91435 -0.01901  0.09397
   0.93238 -0.01555  0.12140
   0.94931 -0.01224  0.14964
   0.96496 -0.00911  0.17817
   0.97925 -0.00620  0.20589
   0.99214 -0.00354  0.23258
   1.00000 -0.00189  0.24661
