1.00000  0.00189  0.27299
   0.99215  0.00354  0.25439
   0.97925  0.00620  0.21876
   0.96496  0.00911  0.18316
   0.94931  0.01224  0.14787
   0.93238  0.01555  0.11425
   0.91435  0.01901  0.08264
   0.89542  0.02257  0.05315
   0.87581  0.02617  0.02590
   0.85570  0.02978  0.00052
   0.83523  0.03337 -0.02308
   0.81452  0.03691 -0.04523
   0.79364  0.04040 -0.06600
   0.77266  0.04382 -0.08576
   0.75160  0.04715 -0.10440
   0.73051  0.05041 -0.12227
   0.70941  0.05358 -0.13910
   0.68830  0.05665 -0.15516
   0.66721  0.05963 -0.17041
   0.64615  0.06251 -0.18562
   0.62513  0.06528 -0.20409
   0.60416  0.06794 -0.23390
   0.58324  0.07048 -0.28193
   0.56239  0.07290 -0.32229
   0.54163  0.07520 -0.33223
   0.52095  0.07736 -0.34430
   0.50038  0.07937 -0.35764
   0.47991  0.08124 -0.37203
   0.45958  0.08296 -0.38734
   0.43938  0.08451 -0.40342
   0.41934  0.08588 -0.42014
   0.39947  0.08707 -0.43731
   0.37979  0.08808 -0.45476
   0.36032  0.08888 -0.47230
   0.34108  0.08948 -0.48979
   0.32211  0.08986 -0.50702
   0.30344  0.09002 -0.52379
   0.28511  0.08995 -0.53994
   0.26716  0.08965 -0.55535
   0.24964  0.08911 -0.56969
   0.23262  0.08833 -0.58285
   0.21616  0.08732 -0.59453
   0.20031  0.08609 -0.60458
   0.18515  0.08465 -0.61278
   0.17073  0.08302 -0.61900
   0.15711  0.08122 -0.62299
   0.14431  0.07928 -0.62459
   0.13234  0.07722 -0.62392
   0.12120  0.07507 -0.62066
   0.11088  0.07285 -0.61496
   0.10133  0.07058 -0.60663
   0.09251  0.06827 -0.59589
   0.08438  0.06595 -0.58237
   0.07687  0.06361 -0.56644
   0.06995  0.06127 -0.54748
   0.06354  0.05894 -0.52565
   0.05762  0.05661 -0.50089
   0.05214  0.05428 -0.47302
   0.04706  0.05196 -0.44141
   0.04235  0.04964 -0.40619
   0.03797  0.04732 -0.36670
   0.03390  0.04500 -0.32271
   0.03012  0.04268 -0.27434
   0.02661  0.04035 -0.22047
   0.02334  0.03801 -0.16094
   0.02032  0.03566 -0.09478
   0.01753  0.03329 -0.02349
   0.01495  0.03091  0.05533
   0.01259  0.02850  0.14008
   0.01043  0.02608  0.23129
   0.00848  0.02363  0.32701
   0.00674  0.02116  0.42700
   0.00520  0.01867  0.52849
   0.00386  0.01616  0.62845
   0.00273  0.01365  0.72382
   0.00180  0.01113  0.80980
   0.00107  0.00861  0.88267
   0.00053  0.00611  0.93993
   0.00019  0.00364  0.97852
   0.00002  0.00120  0.99763
   0.00002 -0.00120  0.99769
   0.00019 -0.00364  0.97842
   0.00053 -0.00611  0.93987
   0.00107 -0.00861  0.88270
   0.00180 -0.01113  0.80968
   0.00273 -0.01365  0.72380
   0.00386 -0.01616  0.62842
   0.00520 -0.01867  0.52906
   0.00674 -0.02116  0.42645
   0.00848 -0.02363  0.32777
   0.01043 -0.02608  0.23116
   0.01259 -0.02850  0.14018
   0.01495 -0.03091  0.05530
   0.01753 -0.03329 -0.02341
   0.02032 -0.03566 -0.09513
   0.02334 -0.03801 -0.16086
   0.02661 -0.04035 -0.22036
   0.03012 -0.04268 -0.27420
   0.03390 -0.04500 -0.32272
   0.03797 -0.04732 -0.36676
   0.04235 -0.04964 -0.40620
   0.04706 -0.05196 -0.44137
   0.05214 -0.05428 -0.47274
   0.05762 -0.05661 -0.50098
   0.06354 -0.05894 -0.52578
   0.06994 -0.06127 -0.54732
   0.07687 -0.06361 -0.56645
   0.08438 -0.06595 -0.58249
   0.09251 -0.06827 -0.59566
   0.10133 -0.07058 -0.60675
   0.11088 -0.07285 -0.61491
   0.12120 -0.07507 -0.62066
   0.13234 -0.07722 -0.62383
   0.14431 -0.07928 -0.62460
   0.15711 -0.08122 -0.62295
   0.17073 -0.08302 -0.61892
   0.18515 -0.08465 -0.61281
   0.20031 -0.08609 -0.60460
   0.21615 -0.08732 -0.59449
   0.23262 -0.08833 -0.58279
   0.24964 -0.08911 -0.56963
   0.26716 -0.08965 -0.55537
   0.28511 -0.08995 -0.53993
   0.30344 -0.09002 -0.52381
   0.32211 -0.08986 -0.50697
   0.34108 -0.08948 -0.48977
   0.36032 -0.08888 -0.47230
   0.37979 -0.08808 -0.45475
   0.39947 -0.08707 -0.43730
   0.41934 -0.08588 -0.42014
   0.43938 -0.08451 -0.40340
   0.45958 -0.08296 -0.38732
   0.47991 -0.08124 -0.37202
   0.50038 -0.07937 -0.35762
   0.52095 -0.07736 -0.34428
   0.54163 -0.07520 -0.33221
   0.56239 -0.07290 -0.32227
   0.58324 -0.07048 -0.28193
   0.60416 -0.06794 -0.23388
   0.62513 -0.06528 -0.20412
   0.64615 -0.06251 -0.18566
   0.66721 -0.05963 -0.17037
   0.68830 -0.05665 -0.15507
   0.70941 -0.05358 -0.13909
   0.73051 -0.05041 -0.12232
   0.75160 -0.04715 -0.10434
   0.77266 -0.04382 -0.08575
   0.79364 -0.04040 -0.06604
   0.81452 -0.03691 -0.04513
   0.83523 -0.03337 -0.02307
   0.85570 -0.02978  0.00055
   0.87581 -0.02617  0.02590
   0.89542 -0.02257  0.05321
   0.91435 -0.01901  0.08260
   0.93238 -0.01555  0.11428
   0.94931 -0.01224  0.14786
   0.96496 -0.00911  0.18319
   0.97925 -0.00620  0.21877
   0.99214 -0.00354  0.25443
   1.00000 -0.00189  0.27299
