1.00000  0.00189  0.19981
   0.99215  0.00354  0.18930
   0.97925  0.00620  0.16921
   0.96496  0.00911  0.14620
   0.94931  0.01224  0.12028
   0.93238  0.01555  0.09204
   0.91435  0.01901  0.06216
   0.89542  0.02257  0.03137
   0.87581  0.02617  0.00043
   0.85570  0.02978 -0.03028
   0.83523  0.03337 -0.06041
   0.81452  0.03691 -0.08985
   0.79364  0.04040 -0.11854
   0.77266  0.04382 -0.14662
   0.75160  0.04715 -0.17409
   0.73051  0.05041 -0.20121
   0.70941  0.05358 -0.22791
   0.68830  0.05665 -0.25442
   0.66721  0.05963 -0.28078
   0.64615  0.06251 -0.30703
   0.62513  0.06528 -0.33330
   0.60416  0.06794 -0.35969
   0.58324  0.07048 -0.38610
   0.56239  0.07290 -0.41262
   0.54163  0.07520 -0.43952
   0.52095  0.07736 -0.46634
   0.50038  0.07937 -0.49310
   0.47991  0.08124 -0.52045
   0.45958  0.08296 -0.54910
   0.43938  0.08451 -0.58280
   0.41934  0.08588 -0.63036
   0.39947  0.08707 -0.70375
   0.37979  0.08808 -0.80267
   0.36032  0.08888 -0.85936
   0.34108  0.08948 -0.87968
   0.32211  0.08986 -0.90115
   0.30344  0.09002 -0.92414
   0.28511  0.08995 -0.94904
   0.26716  0.08965 -0.97615
   0.24964  0.08911 -1.00566
   0.23262  0.08833 -1.03754
   0.21616  0.08732 -1.07150
   0.20031  0.08609 -1.10705
   0.18515  0.08465 -1.14365
   0.17073  0.08302 -1.18065
   0.15711  0.08122 -1.21757
   0.14431  0.07928 -1.25392
   0.13234  0.07722 -1.28949
   0.12120  0.07507 -1.32371
   0.11088  0.07285 -1.35658
   0.10133  0.07058 -1.38789
   0.09251  0.06827 -1.41751
   0.08438  0.06595 -1.44521
   0.07687  0.06361 -1.47104
   0.06995  0.06127 -1.49459
   0.06354  0.05894 -1.51602
   0.05762  0.05661 -1.53485
   0.05214  0.05428 -1.55090
   0.04706  0.05196 -1.56368
   0.04235  0.04964 -1.57301
   0.03797  0.04732 -1.57824
   0.03390  0.04500 -1.57846
   0.03012  0.04268 -1.57334
   0.02661  0.04035 -1.56197
   0.02334  0.03801 -1.54219
   0.02032  0.03566 -1.51403
   0.01753  0.03329 -1.47512
   0.01495  0.03091 -1.42418
   0.01259  0.02850 -1.35858
   0.01043  0.02608 -1.27882
   0.00848  0.02363 -1.18120
   0.00674  0.02116 -1.06395
   0.00520  0.01867 -0.93014
   0.00386  0.01616 -0.77750
   0.00273  0.01365 -0.60817
   0.00180  0.01113 -0.42740
   0.00107  0.00861 -0.24106
   0.00053  0.00611 -0.05358
   0.00019  0.00364  0.12760
   0.00002  0.00120  0.29578
   0.00002 -0.00120  0.44812
   0.00019 -0.00364  0.58586
   0.00053 -0.00611  0.70836
   0.00107 -0.00861  0.81066
   0.00180 -0.01113  0.89167
   0.00273 -0.01365  0.94923
   0.00386 -0.01616  0.98468
   0.00520 -0.01867  0.99930
   0.00674 -0.02116  0.99566
   0.00848 -0.02363  0.97709
   0.01043 -0.02608  0.94642
   0.01259 -0.02850  0.90625
   0.01495 -0.03091  0.86042
   0.01753 -0.03329  0.80958
   0.02032 -0.03566  0.75595
   0.02334 -0.03801  0.70094
   0.02661 -0.04035  0.64590
   0.03012 -0.04268  0.59053
   0.03390 -0.04500  0.53624
   0.03797 -0.04732  0.48331
   0.04235 -0.04964  0.43146
   0.04706 -0.05196  0.38145
   0.05214 -0.05428  0.33308
   0.05762 -0.05661  0.28648
   0.06354 -0.05894  0.24148
   0.06994 -0.06127  0.19863
   0.07687 -0.06361  0.15741
   0.08438 -0.06595  0.11834
   0.09251 -0.06827  0.08134
   0.10133 -0.07058  0.04611
   0.11088 -0.07285  0.01319
   0.12120 -0.07507 -0.01733
   0.13234 -0.07722 -0.04559
   0.14431 -0.07928 -0.07133
   0.15711 -0.08122 -0.09440
   0.17073 -0.08302 -0.11488
   0.18515 -0.08465 -0.13253
   0.20031 -0.08609 -0.14753
   0.21615 -0.08732 -0.15994
   0.23262 -0.08833 -0.16978
   0.24964 -0.08911 -0.17727
   0.26716 -0.08965 -0.18268
   0.28511 -0.08995 -0.18605
   0.30344 -0.09002 -0.18760
   0.32211 -0.08986 -0.18754
   0.34108 -0.08948 -0.18608
   0.36032 -0.08888 -0.18336
   0.37979 -0.08808 -0.17957
   0.39947 -0.08707 -0.17478
   0.41934 -0.08588 -0.16920
   0.43938 -0.08451 -0.16278
   0.45958 -0.08296 -0.15582
   0.47991 -0.08124 -0.14824
   0.50038 -0.07937 -0.14014
   0.52095 -0.07736 -0.13162
   0.54163 -0.07520 -0.12266
   0.56239 -0.07290 -0.11335
   0.58324 -0.07048 -0.10366
   0.60416 -0.06794 -0.09368
   0.62513 -0.06528 -0.08343
   0.64615 -0.06251 -0.07298
   0.66721 -0.05963 -0.06242
   0.68830 -0.05665 -0.05191
   0.70941 -0.05358 -0.04167
   0.73051 -0.05041 -0.03192
   0.75160 -0.04715 -0.02289
   0.77266 -0.04382 -0.01475
   0.79364 -0.04040 -0.00747
   0.81452 -0.03691 -0.00093
   0.83523 -0.03337  0.00477
   0.85570 -0.02978  0.00964
   0.87581 -0.02617  0.01375
   0.89542 -0.02257  0.01724
   0.91435 -0.01901  0.02024
   0.93238 -0.01555  0.02291
   0.94931 -0.01224  0.05585
   0.96496 -0.00911  0.10529
   0.97925 -0.00620  0.14739
   0.99214 -0.00354  0.18132
   1.00000 -0.00189  0.19981
