    1.00000  0.00189  0.24658
   0.99215  0.00354  0.23586
   0.97925  0.00620  0.21497
   0.96496  0.00911  0.19012
   0.94931  0.01224  0.16145
   0.93238  0.01555  0.12986
   0.91435  0.01901  0.09640
   0.89542  0.02257  0.06214
   0.87581  0.02617  0.02808
   0.85570  0.02978 -0.00531
   0.83523  0.03337 -0.03767
   0.81452  0.03691 -0.06896
   0.79364  0.04040 -0.09919
   0.77266  0.04382 -0.12859
   0.75160  0.04715 -0.15719
   0.73051  0.05041 -0.18537
   0.70941  0.05358 -0.21305
   0.68830  0.05665 -0.24053
   0.66721  0.05963 -0.26787
   0.64615  0.06251 -0.29515
   0.62513  0.06528 -0.32255
   0.60416  0.06794 -0.35019
   0.58324  0.07048 -0.37798
   0.56239  0.07290 -0.40602
   0.54163  0.07520 -0.43454
   0.52095  0.07736 -0.46326
   0.50038  0.07937 -0.49228
   0.47991  0.08124 -0.52161
   0.45958  0.08296 -0.55124
   0.43938  0.08451 -0.58075
   0.41934  0.08588 -0.61013
   0.39947  0.08707 -0.63915
   0.37979  0.08808 -0.66805
   0.36032  0.08888 -0.69959
   0.34108  0.08948 -0.74292
   0.32211  0.08986 -0.81516
   0.30344  0.09002 -0.90921
   0.28511  0.08995 -0.93165
   0.26716  0.08965 -0.95802
   0.24964  0.08911 -0.98696
   0.23262  0.08833 -1.01807
   0.21616  0.08732 -1.05106
   0.20031  0.08609 -1.08541
   0.18515  0.08465 -1.12068
   0.17073  0.08302 -1.15622
   0.15711  0.08122 -1.19160
   0.14431  0.07928 -1.22634
   0.13234  0.07722 -1.26027
   0.12120  0.07507 -1.29277
   0.11088  0.07285 -1.32403
   0.10133  0.07058 -1.35361
   0.09251  0.06827 -1.38146
   0.08438  0.06595 -1.40747
   0.07687  0.06361 -1.43163
   0.06995  0.06127 -1.45341
   0.06354  0.05894 -1.47312
   0.05762  0.05661 -1.49010
   0.05214  0.05428 -1.50447
   0.04706  0.05196 -1.51542
   0.04235  0.04964 -1.52299
   0.03797  0.04732 -1.52639
   0.03390  0.04500 -1.52485
   0.03012  0.04268 -1.51779
   0.02661  0.04035 -1.50473
   0.02334  0.03801 -1.48298
   0.02032  0.03566 -1.45299
   0.01753  0.03329 -1.41249
   0.01495  0.03091 -1.36021
   0.01259  0.02850 -1.29313
   0.01043  0.02608 -1.21192
   0.00848  0.02363 -1.11417
   0.00674  0.02116 -0.99571
   0.00520  0.01867 -0.86164
   0.00386  0.01616 -0.71079
   0.00273  0.01365 -0.54177
   0.00180  0.01113 -0.36382
   0.00107  0.00861 -0.18014
   0.00053  0.00611  0.00398
   0.00019  0.00364  0.18038
   0.00002  0.00120  0.34422
   0.00002 -0.00120  0.49118
   0.00019 -0.00364  0.62324
   0.00053 -0.00611  0.73978
   0.00107 -0.00861  0.83589
   0.00180 -0.01113  0.91019
   0.00273 -0.01365  0.96179
   0.00386 -0.01616  0.99095
   0.00520 -0.01867  0.99999
   0.00674 -0.02116  0.99126
   0.00848 -0.02363  0.96815
   0.01043 -0.02608  0.93334
   0.01259 -0.02850  0.88996
   0.01495 -0.03091  0.84099
   0.01753 -0.03329  0.78806
   0.02032 -0.03566  0.73223
   0.02334 -0.03801  0.67564
   0.02661 -0.04035  0.61951
   0.03012 -0.04268  0.56307
   0.03390 -0.04500  0.50802
   0.03797 -0.04732  0.45446
   0.04235 -0.04964  0.40246
   0.04706 -0.05196  0.35205
   0.05214 -0.05428  0.30361
   0.05762 -0.05661  0.25707
   0.06354 -0.05894  0.21220
   0.06994 -0.06127  0.16965
   0.07687 -0.06361  0.12849
   0.08438 -0.06595  0.08981
   0.09251 -0.06827  0.05320
   0.10133 -0.07058  0.01830
   0.11088 -0.07285 -0.01410
   0.12120 -0.07507 -0.04425
   0.13234 -0.07722 -0.07208
   0.14431 -0.07928 -0.09728
   0.15711 -0.08122 -0.11992
   0.17073 -0.08302 -0.13993
   0.18515 -0.08465 -0.15714
   0.20031 -0.08609 -0.17171
   0.21615 -0.08732 -0.18369
   0.23262 -0.08833 -0.19317
   0.24964 -0.08911 -0.20030
   0.26716 -0.08965 -0.20541
   0.28511 -0.08995 -0.20851
   0.30344 -0.09002 -0.20980
   0.32211 -0.08986 -0.20955
   0.34108 -0.08948 -0.20794
   0.36032 -0.08888 -0.20512
   0.37979 -0.08808 -0.20127
   0.39947 -0.08707 -0.19649
   0.41934 -0.08588 -0.19099
   0.43938 -0.08451 -0.18470
   0.45958 -0.08296 -0.17797
   0.47991 -0.08124 -0.17067
   0.50038 -0.07937 -0.16294
   0.52095 -0.07736 -0.15491
   0.54163 -0.07520 -0.14653
   0.56239 -0.07290 -0.13793
   0.58324 -0.07048 -0.12906
   0.60416 -0.06794 -0.12001
   0.62513 -0.06528 -0.11079
   0.64615 -0.06251 -0.10141
   0.66721 -0.05963 -0.09191
   0.68830 -0.05665 -0.08234
   0.70941 -0.05358 -0.07278
   0.73051 -0.05041 -0.06331
   0.75160 -0.04715 -0.05401
   0.77266 -0.04382 -0.04509
   0.79364 -0.04040 -0.03661
   0.81452 -0.03691 -0.02870
   0.83523 -0.03337 -0.02140
   0.85570 -0.02978 -0.01467
   0.87581 -0.02617 -0.00845
   0.89542 -0.02257  0.01140
   0.91435 -0.01901  0.06018
   0.93238 -0.01555  0.10327
   0.94931 -0.01224  0.13781
   0.96496 -0.00911  0.16821
   0.97925 -0.00620  0.19789
   0.99214 -0.00354  0.23033
   1.00000 -0.00189  0.24658
